4294967278,252
4294967278,321
4294967278,60
4294967278,58
4294967278,57
4294967278,55
4294967278,52
4294967278,51
4294967278,50
4294967278,49
4294967278,360
4294967278,47
4294967278,46
4294967278,45
4294967278,44
4294967278,327
4294967278,42
4294967278,39
4294967278,38
4294967278,331
4294967278,37
4294967278,384
4294967278,36
4294967278,291
4294967278,35
4294967278,34
4294967278,375
4294967278,410
4294967278,32
4294967278,409
4294967278,31
4294967278,290
4294967278,30
4294967278,29
4294967278,343
4294967278,28
4294967278,428
4294967278,27
4294967278,406
4294967278,25
4294967278,421
4294967278,22
4294967278,21
4294967278,20
4294967278,19
4294967278,18
4294967278,17
4294967278,15
4294967278,419
4294967278,11
4294967278,10
4294967278,9
4294967278,8
4294967278,6
4294967279,132
4294967279,131
4294967279,129
4294967279,126
4294967279,125
4294967279,124
4294967279,364
4294967279,122
4294967279,116
4294967279,111
4294967279,108
4294967279,358
4294967279,572
4294967278,56
4294967279,372
650,5
650,4
650,3
650,2
650,1
4294967279,522
4294967278,296
649,5
649,4
649,3
649,2
649,1
648,5
4294967278,43
4294967279,158
648,4
648,3
648,2
648,1
4294967278,40
4294967278,41
647,5
647,4
647,3
647,2
647,1
646,4
646,3
646,2
646,1
4294967278,364
4294967278,33
4294967279,145
645,4
645,3
645,2
645,1
4294967278,26
644,4
644,3
644,2
644,1
4294967278,23
4294967279,136
4294967278,24
643,5
643,4
4294967279,271
643,3
643,2
643,1
4294967278,16
4294967278,402
642,4
642,3
642,2
642,1
4294967278,401
4294967294,398
4294967294,443
4294967294,164
4294967294,119
4294967278,13
4294967279,357
4294967278,14
641,6
4294967294,1429
4294967294,163
4294967294,173
4294967278,12
4294967279,565
641,5
641,4
641,3
641,2
641,1
4294967278,363
4294967278,7
4294967278,4
4294967278,5
4294967278,329
640,5
4294967279,130
640,4
640,3
640,2
640,1
4294967279,361
4294967279,127
4294967278,378
4294967279,128
4294967279,259
639,5
639,4
639,3
639,2
639,1
4294967278,362
4294967278,253
638,5
638,4
638,3
638,2
638,1
4294967278,326
4294967294,1424
4294967279,311
637,5
637,4
637,3
637,2
637,1
4294967279,109
4294967278,231
4294967279,273
636,5
636,4
4294967278,222
636,3
636,2
636,1
4294967278,359
4294967278,220
4294967278,218
635,5
4294967278,213
635,4
4294967278,212
635,3
635,2
635,1
4294967279,212
4294967294,1426
4294967278,211
4294967278,210
634,4
4294967278,209
634,3
634,2
634,1
4294967278,208
4294967278,207
4294967278,206
633,6
4294967278,203
4294967278,357
633,5
4294967278,202
4294967278,201
633,4
633,3
633,2
633,1
4294967279,574
4294967278,200
4294967279,200
4294967279,199
4294967278,353
4294967279,198
632,6
4294967279,195
4294967278,196
632,5
4294967294,1414
4294967294,1008
4294967294,1015
4294967294,1003
4294967294,1089
632,4
632,3
632,2
632,1
4294967279,380
631,5
631,4
631,3
631,2
631,1
4294967294,114
4294967294,400
4294967294,1417
4294967294,177
4294967294,385
4294967294,420
4294967294,415
4294967294,148
4294967294,167
4294967294,183
4294967294,175
4294967294,450
4294967279,525
4294967279,184
4294967278,182
4294967279,553
4294967278,442
4294967279,309
4294967279,176
4294967278,177
630,4
630,3
630,2
630,1
4294967279,379
4294967278,426
4294967279,171
4294967278,168
4294967279,170
4294967278,377
628,5
628,4
628,3
628,2
628,1
4294967279,371
4294967279,164
4294967278,162
627,4
627,3
627,2
627,1
4294967278,447
4294967279,341
4294967294,1016
4294967279,268
4294967278,294
4294967279,308
4294967279,378
4294967278,352
4294967279,534
4294967278,351
4294967279,307
4294967278,358
4294967279,306
4294967278,389
4294967279,303
4294967279,289
4294967278,349
4294967279,368
4294967279,539
4294967279,84
4294967279,83
4294967279,82
4294967279,81
4294967279,79
4294967279,78
4294967279,77
4294967279,73
4294967279,70
4294967279,69
4294967279,68
4294967279,67
4294967279,64
4294967279,63
4294967279,62
4294967279,60
4294967279,57
4294967279,51
4294967279,49
4294967279,48
4294967279,45
4294967279,44
4294967279,42
4294967279,36
4294967279,32
4294967279,31
4294967279,29
4294967279,28
4294967279,27
4294967279,22
4294967279,17
4294967279,13
4294967279,12
4294967279,11
4294967278,345
4294967279,367
4294967278,408
4294967279,337
4294967278,405
4294967279,362
4294967279,264
4294967278,344
4294967279,374
4294967279,257
4294967279,281
4294967279,514
4294967278,372
4294967278,328
4294967278,371
4294967294,396
4294967294,414
4294967294,112
4294967294,462
4294967294,449
4294967294,457
4294967294,390
4294967278,336
4294967278,330
4294967278,59
4294967278,54
4294967278,48
4294967279,85
4294967279,75
4294967279,72
4294967279,66
4294967279,15
4294967278,251
4294967279,312
626,5
626,4
4294967278,242
626,3
626,2
626,1
4294967279,336
4294967278,433
625,5
4294967278,232
625,4
625,3
625,2
625,1
4294967279,301
624,5
4294967279,221
4294967279,219
624,4
624,3
624,2
624,1
4294967278,216
623,5
4294967279,211
623,4
623,3
623,2
623,1
622,4
622,3
622,2
622,1
4294967279,206
4294967279,205
621,4
621,3
621,2
621,1
620,4
620,3
620,2
620,1
4294967294,1090
4294967278,198
4294967278,195
4294967279,197
4294967278,342
4294967279,196
619,5
4294967278,194
4294967279,194
4294967278,193
619,4
4294967279,193
619,3
619,2
619,1
4294967278,192
4294967279,192
4294967278,191
4294967278,348
4294967279,191
4294967278,190
4294967279,190
618,4
4294967278,189
618,3
618,2
618,1
4294967278,407
4294967279,189
4294967294,485
4294967279,188
4294967278,185
4294967279,300
4294967278,339
617,6
4294967279,183
4294967279,298
4294967279,71
4294967279,299
4294967278,183
617,5
4294967279,182
4294967278,181
4294967279,181
617,4
4294967278,180
617,3
617,2
617,1
4294967279,180
4294967279,179
4294967278,176
4294967279,178
4294967278,379
4294967278,346
616,5
4294967278,175
4294967279,175
4294967278,173
616,4
4294967279,173
616,3
616,2
616,1
4294967278,172
4294967294,1430
4294967278,171
4294967279,169
4294967294,397
4294967294,402
4294967294,168
4294967294,191
4294967294,405
4294967294,451
4294967294,113
4294967294,468
4294967294,411
